start end zns site_count
331000 332000 0.5512566666666666 4
332000 333000 0 0
333000 334000 0 0
334000 335000 0 0
335000 336000 0 0
336000 337000 0 0
337000 338000 0 0
338000 339000 0 0
339000 340000 0 0
340000 341000 0 0
341000 342000 0 0
342000 343000 0 0
343000 344000 0 0
344000 345000 0 0
345000 346000 0 0
346000 347000 0 0
347000 348000 0 0
348000 349000 0 0
349000 350000 0 0
350000 351000 0 0
351000 352000 0 0
352000 353000 0 0
353000 354000 0 0
354000 355000 0 0
355000 356000 0 0
356000 357000 0 0
357000 358000 0 0
358000 359000 0 0
359000 360000 0 0
360000 361000 0 0
361000 362000 0 0
362000 363000 0 0
363000 364000 0 0
364000 365000 0 0
365000 366000 0 0
366000 367000 0 0
367000 368000 0 0
368000 369000 0 0
369000 370000 0 0
370000 371000 0 0
371000 372000 0 0
372000 373000 0 0
373000 374000 0 0
374000 375000 0 0
375000 376000 0 0
376000 377000 0 0
377000 378000 0 0
378000 379000 0 0
379000 380000 0 0
380000 381000 0 0
381000 382000 0 0
382000 383000 0 0
383000 384000 0 0
384000 385000 0 0
385000 386000 0 0
386000 387000 0 0
387000 388000 0 0
388000 389000 0 0
389000 390000 0 0
390000 391000 0 0
391000 392000 0 0
392000 393000 0 0
393000 394000 0 0
394000 395000 0 0
395000 396000 0 0
396000 397000 0 0
397000 398000 0 0
398000 399000 0 0
399000 400000 0 0
400000 401000 0 0
401000 402000 0 0
402000 403000 0 0
403000 404000 0 0
404000 405000 0 0
405000 406000 0 0
406000 407000 0 0
407000 408000 0 0
408000 409000 0 0
409000 410000 0 0
410000 411000 0 0
411000 412000 0 0
412000 413000 0 0
413000 414000 0 0
414000 415000 0 0
415000 416000 0 0
416000 417000 0 0
417000 418000 0 0
418000 419000 0 0
419000 420000 0 0
420000 421000 0 0
421000 422000 0 0
422000 423000 0 0
423000 424000 0 0
424000 425000 0.1225 2
425000 426000 0.19132666666666667 4
426000 427000 0.26222378787878786 12
427000 428000 0.5187066666666666 3
428000 429000 0.37604272727272725 12
429000 430000 1.0 3
430000 431000 0 0
431000 432000 0 0
432000 433000 0 0
433000 434000 0 0
434000 435000 0 0
435000 436000 0 0
436000 437000 0 0
437000 438000 0 0
438000 439000 0 0
439000 440000 0 0
440000 441000 0 0
441000 442000 0 0
442000 443000 0 0
443000 444000 0 0
444000 445000 0 0
445000 446000 0 0
446000 447000 0 0
447000 448000 1.0 2
448000 449000 1.0 4
449000 450000 0 0
450000 451000 0 0
451000 452000 0 0
452000 453000 0 0
453000 454000 0 0
454000 455000 0 0
455000 456000 0 0
456000 457000 0 0
457000 458000 0 0
458000 459000 0.6944433333333333 4
459000 460000 0 0
460000 461000 0 0
461000 462000 0 0
462000 463000 0 0
463000 464000 0 0
464000 465000 0 0
465000 466000 0.45635000000000003 4
466000 467000 0 0
467000 468000 0 0
468000 469000 0 0
469000 470000 0 0
470000 471000 0 0
471000 472000 0 0
472000 473000 0 0
473000 474000 0 0
474000 475000 0 0
475000 476000 0 0
476000 477000 1.0 2
477000 478000 0.11111 2
478000 479000 0 0
479000 480000 0 0
480000 481000 0 0
481000 482000 0 0
482000 483000 0 0
483000 484000 0 0
484000 485000 0 0
485000 486000 0 0
486000 487000 0 0
487000 488000 0.44081466666666663 6
488000 489000 0 0
489000 490000 1.0 4
490000 491000 0.632652 5
491000 492000 0 0
492000 493000 0 0
493000 494000 0 0
494000 495000 0 0
495000 496000 0 0
496000 497000 0 0
497000 498000 1.0 2
498000 499000 0 0
499000 500000 1.0 5
500000 501000 1.0 2
501000 502000 1.0 7
502000 503000 1.0 2
503000 504000 1.0 5
504000 505000 0.23396618181818174 11
505000 506000 0.45389933333333343 6
506000 507000 0 0
507000 508000 0 0
508000 509000 0.08163 2
509000 510000 0.14286 2
510000 511000 0.370917 5
511000 512000 0 0
512000 513000 0.11111 2
513000 514000 1.0 4
514000 515000 0 0
515000 516000 0.25 2
516000 517000 1.0 7
517000 518000 0 0
518000 519000 0 0
519000 520000 0 0
520000 521000 0.7671973333333333 6
521000 522000 0.2392509523809524 7
522000 523000 0.26132200000000005 6
523000 524000 1.0 2
524000 525000 0 0
525000 526000 0.08163 2
526000 527000 0.14286 2
527000 528000 1.0 5
528000 529000 0 0
529000 530000 0 0
530000 531000 0 0
531000 532000 0 0
532000 533000 0 0
533000 534000 0 0
534000 535000 0 0
535000 536000 0.471598 5
536000 537000 0.24942999999999999 3
537000 538000 0 0
538000 539000 0.25 2
539000 540000 0 0
540000 541000 0.601428 5
541000 542000 0.2 2
542000 543000 1.0 2
543000 544000 0 0
544000 545000 0 0
545000 546000 0 0
546000 547000 1.0 2
547000 548000 1.0 2
548000 549000 0.08163 2
549000 550000 0.6424914285714286 8
550000 551000 0.08163 2
551000 552000 0.37551 5
552000 553000 0 0
553000 554000 0.44444 2
554000 555000 0.5102026666666667 6
555000 556000 0.5733333333333333 3
556000 557000 0.12755 2
557000 558000 1.0 2
558000 559000 1.0 2
559000 560000 0.3877533333333334 3
560000 561000 0.10203999999999998 3
561000 562000 0 0
562000 563000 0 0
563000 564000 1.0 3
564000 565000 0 0
565000 566000 0 0
566000 567000 0 0
567000 568000 0.57143 2
568000 569000 0 0
569000 570000 0 0
570000 571000 0.5333349999999999 4
571000 572000 0.40499799999999997 5
572000 573000 0 0
573000 574000 0 0
574000 575000 0.17036999999999997 3
575000 576000 0.165663 5
576000 577000 0 0
577000 578000 0 0
578000 579000 0 0
579000 580000 0 0
580000 581000 0 0
581000 582000 0 0
582000 583000 0 0
583000 584000 0 0
584000 585000 0 0
585000 586000 0 0
586000 587000 0 0
587000 588000 0 0
588000 589000 0 0
589000 590000 0 0
590000 591000 0 0
591000 592000 0 0
592000 593000 0 0
593000 594000 0 0
594000 595000 1.0 2
595000 596000 0.41239666666666663 4
596000 597000 0.14286 2
597000 598000 0.787962 6
598000 599000 0 0
599000 600000 0 0
600000 601000 1.0 3
601000 602000 0 0
602000 603000 0 0
603000 604000 0 0
604000 605000 0 0
605000 606000 0 0
606000 607000 0 0
607000 608000 0 0
608000 609000 0 0
609000 610000 0 0
610000 611000 0 0
611000 612000 0 0
612000 613000 0 0
613000 614000 0 0
614000 615000 0 0
615000 616000 0 0
616000 617000 0 0
617000 618000 0 0
618000 619000 0 0
619000 620000 0 0
620000 621000 0 0
621000 622000 0 0
622000 623000 0 0
623000 624000 0 0
624000 625000 0 0
625000 626000 0 0
626000 627000 0 0
627000 628000 0 0
628000 629000 0 0
629000 630000 0 0
630000 631000 0 0
631000 632000 0 0
632000 633000 0 0
633000 634000 0 0
634000 635000 0 0
635000 636000 0 0
636000 637000 0 0
637000 638000 0 0
638000 639000 0 0
639000 640000 0 0
640000 641000 0 0
641000 642000 0 0
642000 643000 0 0
643000 644000 0 0
644000 645000 0 0
645000 646000 0 0
646000 647000 0 0
647000 648000 0 0
648000 649000 0 0
649000 650000 0 0
650000 651000 0 0
651000 652000 0 0
652000 653000 0 0
653000 654000 0 0
654000 655000 0 0
655000 656000 0 0
656000 657000 0 0
657000 658000 0.29212333333333335 4
658000 659000 0 0
659000 660000 0.16039666666666666 4
660000 661000 0 0
661000 662000 0.3877533333333334 3
662000 663000 1.0 3
663000 664000 0 0
664000 665000 0 0
665000 666000 0 0
666000 667000 0 0
667000 668000 0 0
668000 669000 0 0
669000 670000 0 0
670000 671000 0 0
671000 672000 0 0
672000 673000 0 0
673000 674000 0 0
674000 675000 0 0
675000 676000 0 0
676000 677000 0 0
677000 678000 0 0
678000 679000 0 0
679000 680000 0 0
680000 681000 0 0
681000 682000 0 0
682000 683000 0 0
683000 684000 0 0
684000 685000 0 0
685000 686000 0 0
686000 687000 0 0
687000 688000 0 0
688000 689000 0 0
689000 690000 0 0
690000 691000 0 0
691000 692000 0 0
692000 693000 0 0
693000 694000 0 0
694000 695000 0 0
695000 696000 0 0
696000 697000 0 0
697000 698000 0 0
698000 699000 0 0
699000 700000 0 0
700000 701000 0 0
701000 702000 0 0
702000 703000 0 0
703000 704000 0 0
704000 705000 0 0
705000 706000 0 0
706000 707000 0 0
707000 708000 0 0
708000 709000 0 0
709000 710000 0 0
710000 711000 0 0
711000 712000 0 0
712000 713000 0 0
713000 714000 0 0
714000 715000 0 0
715000 716000 0 0
716000 717000 0 0
717000 718000 0 0
718000 719000 0 0
719000 720000 0 0
720000 721000 0 0
721000 722000 0 0
722000 723000 0 0
723000 724000 0 0
724000 725000 0 0
725000 726000 0 0
726000 727000 0 0
727000 728000 0 0
728000 729000 0 0
729000 730000 0 0
730000 731000 0 0
731000 732000 0 0
732000 733000 0 0
733000 734000 0 0
734000 735000 0 0
735000 736000 0 0
736000 737000 0 0
737000 738000 0 0
738000 739000 0 0
739000 740000 0 0
740000 741000 0 0
741000 742000 0 0
742000 743000 0 0
743000 744000 0 0
744000 745000 0 0
745000 746000 0 0
746000 747000 1.0 6
747000 748000 0.4594713563218381 30
748000 749000 0 0
749000 750000 0 0
750000 751000 0 0
751000 752000 0 0
752000 753000 0 0
753000 754000 0 0
754000 755000 0 0
755000 756000 0 0
756000 757000 0 0
757000 758000 0 0
758000 759000 0 0
759000 760000 0 0
760000 761000 0 0
761000 762000 0 0
762000 763000 0 0
763000 764000 0 0
764000 765000 0 0
765000 766000 0 0
766000 767000 0 0
767000 768000 0 0
768000 769000 0 0
769000 770000 0 0
770000 771000 0 0
771000 772000 0 0
772000 773000 0 0
773000 774000 0 0
774000 775000 0 0
775000 776000 0 0
776000 777000 0 0
777000 778000 0 0
778000 779000 0 0
779000 780000 0 0
780000 781000 0 0
781000 782000 1.0 11
782000 783000 0 0
783000 784000 0 0
784000 785000 0 0
785000 786000 0 0
786000 787000 0 0
787000 788000 0 0
788000 789000 0 0
789000 790000 0 0
790000 791000 0 0
791000 792000 0 0
792000 793000 0 0
793000 794000 0 0
794000 795000 0 0
795000 796000 0 0
796000 797000 0 0
797000 798000 1.0 7
798000 799000 0 0
799000 800000 0 0
800000 801000 0 0
801000 802000 0 0
802000 803000 0 0
803000 804000 0 0
804000 805000 0 0
805000 806000 0 0
806000 807000 0.34722166666666665 4
807000 808000 0.32466666666666666 10
808000 809000 0.375 2
809000 810000 0.24177799999999997 6
810000 811000 0.33333 2
811000 812000 0 0
812000 813000 0 0
813000 814000 0.12755 2
814000 815000 0.44432535714285715 8
815000 816000 0.5953953333333333 6
816000 817000 0.7999990000000001 5
817000 818000 0 0
818000 819000 0 0
819000 820000 0 0
820000 821000 0.6000000000000001 5
